'obslgM200'<-c(
13.9874, 
14.7924, 
14.6641, 
14.4102, 
14.3536, 
13.9258, 
14.8042, 
14.1923, 
14.8251, 
14.694, 
14.4953, 
14.1326, 
14.5296, 
14.4688, 
14.5814, 
14.5911, 
14.3904, 
14.2722, 
14.5958, 
14.0894, 
14.3776, 
14.0182, 
14.5528, 
14.4078, 
14.7559, 
13.9183, 
14.6203, 
13.9108, 
14.3563, 
14.9352, 
14.4516, 
13.7347, 
14.2755, 
14.8081, 
13.7984, 
14.3724, 
14.8767, 
13.7677, 
14.3955, 
14.9374, 
14.6838, 
14.1761, 
14.0525, 
14.0182, 
14.5333, 
14.8816, 
14.7894, 
15.0305, 
14.3367, 
14.1592, 
14.3133, 
14.4291) 
'tau.lgM200'<-c(
26.9029, 
568.566, 
70.3958, 
223.121, 
22.7661, 
17.0774, 
160.154, 
14.8799, 
495.554, 
422.77, 
78.4893, 
49.0047, 
34.8807, 
60.4552, 
390.416, 
746.767, 
102.185, 
18.7348, 
76.6972, 
102.185, 
564.168, 
21.4616, 
13.4861, 
24.5094, 
57.1975, 
149.925, 
26.4248, 
21.187, 
13.017, 
48.5994, 
11.7149, 
185.467, 
25.1073, 
89.5066, 
13.6808, 
50.6933, 
645.321, 
24.9677, 
157.836, 
211.351, 
45.7917, 
34.9539, 
61.3427, 
26.6852, 
67.976, 
513.612, 
38.7194, 
186.314, 
18.9404, 
94.4638, 
52.2804, 
28.2212) 
'obslgMstar'<-c(
12.4066, 
12.4894, 
12.7425, 
12.3197, 
12.4579, 
12.5583, 
12.7533, 
12.4608, 
12.8197, 
12.6437, 
12.4794, 
12.3412, 
12.6979, 
12.644, 
12.6021, 
12.5825, 
12.5271, 
12.6586, 
12.7372, 
12.7092, 
12.4667, 
12.4519, 
12.8548, 
12.9038, 
12.7706, 
12.2769, 
12.5155, 
12.2745, 
12.8409, 
12.8725, 
12.7848, 
12.3189, 
12.802, 
12.4718, 
12.2318, 
12.3396, 
12.9552, 
12.4424, 
12.5328, 
12.8042, 
13.1332, 
12.4787, 
12.7823, 
12.534, 
12.8423, 
12.9572, 
13.0309, 
13.2243, 
12.3923, 
12.685, 
12.4283, 
12.9604) 
'tau.lgMstar'<-c(
91.1886, 
126.36, 
169.719, 
112.311, 
124.339, 
62.8285, 
209.797, 
93.7492, 
296.447, 
183.407, 
94.4062, 
90.2897, 
289.231, 
135.46, 
182.418, 
77.818, 
41.5589, 
170.251, 
193.977, 
212.496, 
53.404, 
113.657, 
401.283, 
212.745, 
229.847, 
105.67, 
118.766, 
62.6694, 
227.358, 
271.229, 
190.145, 
54.2571, 
161.701, 
74.4189, 
72.1605, 
147.567, 
263.878, 
134.582, 
119.704, 
269.451, 
577.848, 
153.932, 
214.996, 
139.588, 
333.97, 
254.857, 
229.29, 
556.248, 
83.3706, 
196.597, 
86.4368, 
358.701) 
