1001  0.643578
1011  0.0270273
1021  0.155796
1031  0.19082
1041  3.0236
1051  0.345293
1061  0.101335
1071  0.743461
1081  1.2721
1091  0.710361
1101  0.446177
1111  0.569771
1121  0.209717
1131  0.319367
1141  0.389476
1151  0.108635
1161  0.524068
1171  1.41108
1181  1.44684
1191  1.79107
1201  1.3012
1211  0.873371
1221  0.206425
1231  1.2198
1241  0.167658
1251  0.728727
1261  0.334151
1271  0.0853511
1281  0.368976
1291  0.089218
1301  1.02507
1311  0.0185113
1321  0.422883
1331  0.221724
1341  0.841015
1351  1.10482
1361  1.17133
1371  0.962941
1381  0.550985
1391  0.117067
1401  0.523841
1411  0.416807
1421  2.62126
1431  0.123588
1441  1.0762
1451  0.530155
1461  1.8958
1471  0.169069
1481  2.21945
1491  1.07337
1501  0.134315
1511  0.339251
1521  0.261955
1531  1.21686
1541  0.367668
1551  0.433963
1561  1.17098
1571  0.414444
1581  0.172999
1591  0.816597
1601  0.52799
1611  2.17701
1621  1.13171
1631  1.91706
1641  0.554436
1651  0.740416
1661  0.101319
1671  1.39072
1681  0.961126
1691  1.25569
1701  0.256241
1711  0.38865
1721  1.13122
1731  2.55381
1741  0.367456
1751  0.255045
1761  0.397288
1771  0.107871
1781  0.646983
1791  0.689406
1801  0.215529
1811  0.711391
1821  0.738233
1831  0.196251
1841  0.0109456
1851  1.82343
1861  0.0702216
1871  0.0241121
1881  2.03197
1891  0.33596
1901  0.0887098
1911  0.378681
1921  0.246569
1931  1.15912
1941  1.2979
1951  0.330843
1961  0.107613
1971  0.0367487
1981  0.239212
1991  0.196978
2001  1.69995
2011  0.0975105
2021  0.016517
2031  1.73481
2041  0.164682
2051  0.581253
2061  1.73415
2071  0.352255
2081  0.349874
2091  0.658491
2101  0.430928
2111  0.471623
2121  1.5541
2131  0.519558
2141  0.00738755
2151  0.569283
2161  0.459337
2171  0.879613
2181  2.52076
2191  0.84996
2201  1.88482
2211  0.542587
2221  0.281806
2231  0.0828538
2241  0.27731
2251  0.211673
2261  1.92131
2271  2.42533
2281  0.172275
2291  0.209795
2301  0.710039
2311  0.868839
2321  0.707358
2331  0.903195
2341  0.936499
2351  2.20223
2361  0.271079
2371  1.03106
2381  1.21486
2391  0.500407
2401  0.0239579
2411  1.74592
2421  0.0925074
2431  0.0460914
2441  0.195709
2451  0.500754
2461  0.203149
2471  0.497358
2481  0.771479
2491  0.351847
2501  0.900546
2511  1.00644
2521  0.47951
2531  0.542809
2541  0.70287
2551  1.2501
2561  0.443077
2571  1.28653
2581  0.183084
2591  0.0195977
2601  0.0606167
2611  0.160173
2621  1.15377
2631  0.198008
2641  0.823053
2651  0.308979
2661  0.903446
2671  1.91449
2681  0.483138
2691  1.72397
2701  0.0951567
2711  0.818206
2721  0.0802299
2731  0.557668
2741  0.614389
2751  1.83096
2761  0.52202
2771  1.45185
2781  0.140389
2791  1.4939
2801  1.64057
2811  1.87883
2821  0.0911059
2831  0.821816
2841  1.3104
2851  0.0449491
2861  1.59307
2871  1.1144
2881  1.44495
2891  0.425448
2901  0.807363
2911  1.92882
2921  1.40655
2931  0.119623
2941  3.59855
2951  2.91255
2961  2.70666
2971  0.517476
2981  0.97001
2991  0.000143774
3001  3.48189
3011  0.253415
3021  0.0954784
3031  1.1555
3041  0.992855
3051  0.339396
3061  0.390966
3071  1.16981
3081  0.112551
3091  0.884921
3101  0.346774
3111  0.23408
3121  1.60209
3131  0.70781
3141  0.902862
3151  0.297697
3161  1.6537
3171  0.0907015
3181  0.315348
3191  0.333322
3201  0.879904
3211  0.702449
3221  0.899774
3231  0.295522
3241  0.988515
3251  0.0771038
3261  0.587492
3271  0.945013
3281  0.440952
3291  0.240251
3301  1.63445
3311  0.538954
3321  0.0902889
3331  0.725226
3341  2.05161
3351  0.298829
3361  0.687216
3371  0.158272
3381  0.0982036
3391  0.13595
3401  0.767053
3411  0.297961
3421  0.54016
3431  1.31762
3441  0.856833
3451  0.240914
3461  1.01523
3471  1.3433
3481  0.599493
3491  0.76355
3501  1.07586
3511  1.19895
3521  0.318191
3531  0.0605264
3541  0.569706
3551  0.702095
3561  0.103016
3571  0.0531261
3581  2.72066
3591  0.0146007
3601  1.43487
3611  0.613238
3621  0.526712
3631  0.638021
3641  0.629112
3651  0.915319
3661  0.193156
3671  2.33901
3681  0.941676
3691  4.91856
3701  0.121685
3711  0.341705
3721  0.538851
3731  1.60286
3741  0.00262203
3751  0.724699
3761  0.034514
3771  0.231236
3781  0.582249
3791  0.0581428
3801  0.540864
3811  0.197692
3821  0.649872
3831  0.189868
3841  1.26119
3851  0.282089
3861  0.142334
3871  1.34737
3881  0.127836
3891  0.644715
3901  0.031543
3911  0.35947
3921  1.28322
3931  0.258566
3941  0.221643
3951  0.339667
3961  0.497223
3971  1.04672
3981  0.891367
3991  0.72442
4001  1.00677
4011  0.821329
4021  0.211356
4031  0.527333
4041  1.37271
4051  0.502708
4061  1.81336
4071  0.239316
4081  0.180022
4091  0.387208
4101  1.26596
4111  1.28422
4121  0.228122
4131  0.550841
4141  0.522302
4151  0.0186917
4161  0.67447
4171  0.928483
4181  1.5451
4191  0.224088
4201  0.220372
4211  0.14154
4221  0.384468
4231  0.0282927
4241  2.07272
4251  4.57271
4261  0.330589
4271  0.68388
4281  0.280894
4291  0.543403
4301  1.298
4311  0.85974
4321  2.09595
4331  0.590627
4341  2.87515
4351  0.598748
4361  1.09265
4371  1.15899
4381  0.0489746
4391  0.241678
4401  1.80604
4411  1.07787
4421  0.336527
4431  0.257003
4441  0.619891
4451  0.751243
4461  1.00414
4471  1.34795
4481  0.145318
4491  0.577493
4501  1.05168
4511  1.50417
4521  3.0781
4531  0.187991
4541  0.0609117
4551  1.05599
4561  0.316766
4571  0.486045
4581  1.35218
4591  0.20013
4601  0.852557
4611  1.3265
4621  0.655695
4631  1.00124
4641  0.473331
4651  0.444932
4661  1.67241
4671  0.524135
4681  1.16055
4691  0.414621
4701  0.346343
4711  0.421062
4721  0.715856
4731  0.995218
4741  0.740697
4751  0.200599
4761  1.87995
4771  0.14946
4781  1.99227
4791  1.92366
4801  0.0428833
4811  0.413702
4821  0.619148
4831  0.455214
4841  1.49337
4851  0.543591
4861  0.548731
4871  0.680596
4881  0.270916
4891  0.580968
4901  0.753472
4911  0.819035
4921  1.79844
4931  1.07211
4941  0.235667
4951  0.598792
4961  0.533729
4971  0.0375946
4981  2.08461
4991  0.702485
5001  0.929977
5011  1.35341
5021  0.17354
5031  0.759195
5041  0.127515
5051  0.915437
5061  2.42869
5071  0.586021
5081  0.93926
5091  0.550217
5101  0.826334
5111  0.294018
5121  0.594844
5131  2.20343
5141  0.838822
5151  1.23892
5161  0.236406
5171  1.60398
5181  0.284877
5191  0.0277342
5201  0.223718
5211  0.624152
5221  1.23458
5231  0.623322
5241  1.35762
5251  1.41954
5261  0.0561643
5271  0.0820493
5281  0.542403
5291  1.6875
5301  0.673208
5311  1.25618
5321  1.33873
5331  0.0173783
5341  1.89085
5351  1.29049
5361  2.31435
5371  0.357968
5381  0.349149
5391  1.54447
5401  0.0692694
5411  0.873592
5421  1.12526
5431  0.106237
5441  0.435794
5451  0.165896
5461  0.942578
5471  0.83199
5481  2.88429
5491  0.185251
5501  1.45807
5511  0.262116
5521  1.36017
5531  1.86125
5541  0.453328
5551  0.964001
5561  0.137072
5571  0.220507
5581  1.89668
5591  0.846464
5601  0.606303
5611  1.2927
5621  0.0487167
5631  0.851164
5641  0.489866
5651  0.592864
5661  2.23785
5671  1.03983
5681  0.363232
5691  0.0342597
5701  0.969108
5711  1.07307
5721  1.66876
5731  1.17285
5741  0.672257
5751  0.0245515
5761  2.1304
5771  0.269768
5781  0.0881717
5791  0.179876
5801  0.976418
5811  1.62607
5821  0.343325
5831  0.475397
5841  0.531649
5851  0.444678
5861  0.181708
5871  0.663048
5881  0.294778
5891  0.518396
5901  0.557985
5911  0.00626968
5921  1.36052
5931  0.208456
5941  0.921233
5951  0.634795
5961  0.436499
5971  0.0870603
5981  0.769161
5991  0.424631
6001  0.726555
6011  0.264648
6021  1.0568
6031  1.3489
6041  2.34852
6051  0.124546
6061  2.14254
6071  0.458469
6081  2.93544
6091  0.341358
6101  0.16416
6111  0.367284
6121  1.31439
6131  0.87751
6141  0.288463
6151  1.242
6161  0.569142
6171  0.551428
6181  0.278501
6191  0.198542
6201  0.467845
6211  0.329845
6221  0.0152565
6231  0.735667
6241  0.556072
6251  0.216602
6261  2.27717
6271  0.204702
6281  0.850665
6291  0.562112
6301  0.797372
6311  0.524444
6321  0.525859
6331  0.310161
6341  1.16177
6351  1.07544
6361  1.30727
6371  0.483797
6381  1.62894
6391  0.7874
6401  1.17031
6411  0.187951
6421  0.213931
6431  1.76737
6441  0.348513
6451  0.678117
6461  0.301588
6471  1.04839
6481  1.4987
6491  0.775651
6501  0.359643
6511  1.45635
6521  0.418005
6531  0.387837
6541  0.386153
6551  0.552738
6561  0.469804
6571  0.0183969
6581  0.431045
6591  0.277005
6601  0.136808
6611  0.605779
6621  0.202531
6631  0.0619581
6641  0.498025
6651  0.793926
6661  0.508704
6671  0.189918
6681  0.104341
6691  0.0923632
6701  0.129873
6711  0.570157
6721  0.900252
6731  0.0889734
6741  2.2766
6751  0.886834
6761  0.153328
6771  0.0228875
6781  0.859476
6791  1.12334
6801  1.09664
6811  0.859313
6821  2.15718
6831  0.567874
6841  1.89794
6851  0.337909
6861  0.603629
6871  1.18573
6881  0.353742
6891  0.472318
6901  0.007884
6911  0.218827
6921  0.104247
6931  0.0993328
6941  0.166247
6951  2.60581
6961  1.28934
6971  0.661625
6981  0.198751
6991  1.70685
7001  0.592647
7011  1.09258
7021  0.191521
7031  1.04089
7041  0.0584207
7051  0.217353
7061  0.197851
7071  0.377616
7081  0.679371
7091  0.351819
7101  0.328286
7111  0.0638696
7121  0.0685827
7131  0.358616
7141  0.434354
7151  1.56665
7161  0.506253
7171  0.272554
7181  1.09273
7191  0.28014
7201  0.33626
7211  0.154386
7221  0.4001
7231  1.10448
7241  0.0327378
7251  1.46799
7261  1.30563
7271  0.260881
7281  0.64688
7291  1.12446
7301  0.123602
7311  1.52799
7321  0.507967
7331  0.289
7341  0.0486228
7351  0.0536097
7361  0.415939
7371  0.307044
7381  2.65041
7391  3.61509
7401  1.42686
7411  0.0723174
7421  0.54612
7431  0.668591
7441  0.561227
7451  0.0340142
7461  0.657378
7471  0.492128
7481  0.55871
7491  1.07593
7501  0.262197
7511  0.205707
7521  0.124306
7531  0.0118151
7541  1.93673
7551  1.07027
7561  0.778093
7571  1.41085
7581  2.63801
7591  1.58612
7601  0.954294
7611  1.11627
7621  0.548396
7631  0.732661
7641  1.35137
7651  0.541139
7661  1.23045
7671  0.0169197
7681  1.7816
7691  0.84348
7701  1.55143
7711  0.0959703
7721  0.61638
7731  0.332126
7741  1.9704
7751  0.892895
7761  0.0572251
7771  0.353421
7781  1.94084
7791  0.949873
7801  1.22425
7811  1.58784
7821  1.27762
7831  0.896427
7841  1.27843
7851  0.902398
7861  0.094165
7871  0.320642
7881  0.456485
7891  0.759233
7901  0.182685
7911  0.192342
7921  0.119078
7931  0.03946
7941  3.99048
7951  0.368545
7961  2.1719
7971  0.281643
7981  0.0295294
7991  0.225844
8001  0.0745857
8011  1.49034
8021  0.222739
8031  0.111603
8041  0.076103
8051  0.649493
8061  0.63416
8071  0.389844
8081  0.532261
8091  0.927603
8101  1.30042
8111  0.573427
8121  0.297146
8131  0.755624
8141  1.26603
8151  0.124875
8161  0.91544
8171  0.295351
8181  0.377154
8191  0.79517
8201  0.266484
8211  0.058133
8221  0.200074
8231  1.60509
8241  0.805329
8251  0.457679
8261  1.15257
8271  2.51426
8281  2.45196
8291  0.55333
8301  0.256528
8311  0.807372
8321  0.0399426
8331  0.682953
8341  0.262875
8351  0.236506
8361  1.6941
8371  0.638357
8381  0.568368
8391  0.562743
8401  0.2542
8411  1.05993
8421  0.561592
8431  0.136967
8441  0.887967
8451  1.41026
8461  0.331518
8471  0.0637968
8481  0.749266
8491  1.05614
8501  1.0458
8511  0.634308
8521  0.0286394
8531  0.0545573
8541  0.460316
8551  0.640289
8561  0.608742
8571  0.687608
8581  1.28462
8591  0.571039
8601  0.202647
8611  0.335919
8621  0.0649606
8631  1.64981
8641  0.742703
8651  2.15981
8661  0.832256
8671  0.546208
8681  1.34867
8691  0.525775
8701  0.0121821
8711  1.26865
8721  0.565094
8731  0.559239
8741  1.30621
8751  0.53642
8761  1.14767
8771  0.613451
8781  0.757635
8791  1.14452
8801  0.0903198
8811  1.07651
8821  0.977852
8831  0.53577
8841  0.822413
8851  1.25202
8861  0.14991
8871  0.0536416
8881  0.169476
8891  0.713776
8901  0.0552138
8911  0.426299
8921  0.940218
8931  0.226591
8941  0.299655
8951  0.689324
8961  1.50997
8971  0.904487
8981  1.06674
8991  2.46606
9001  0.544662
9011  1.31041
9021  0.392824
9031  1.11077
9041  1.44066
9051  0.825336
9061  0.401197
9071  3.28041
9081  0.322793
9091  0.682664
9101  0.472426
9111  2.11948
9121  0.734375
9131  0.770455
9141  0.194463
9151  0.699649
9161  1.01812
9171  0.4187
9181  0.891769
9191  0.541313
9201  0.246121
9211  0.675948
9221  0.352828
9231  0.0700456
9241  0.844914
9251  0.642992
9261  0.15125
9271  0.991033
9281  0.767926
9291  0.829812
9301  1.53244
9311  0.845128
9321  0.757502
9331  0.45858
9341  0.599477
9351  0.532524
9361  0.261128
9371  0.0285457
9381  1.53244
9391  0.0347023
9401  0.561551
9411  1.81846
9421  0.131287
9431  0.51077
9441  0.104116
9451  2.40779
9461  1.05753
9471  0.617417
9481  0.332726
9491  0.849273
9501  0.345674
9511  0.410765
9521  1.37766
9531  0.0950153
9541  0.637607
9551  0.192214
9561  0.291308
9571  0.0320365
9581  0.383023
9591  0.313739
9601  0.626686
9611  0.859418
9621  1.41824
9631  1.68169
9641  1.31804
9651  0.290939
9661  0.395082
9671  1.33821
9681  0.774305
9691  0.687257
9701  0.622044
9711  0.463715
9721  0.966824
9731  0.827745
9741  0.378599
9751  3.16111
9761  0.801516
9771  0.0604862
9781  1.89137
9791  0.000292839
9801  0.00875163
9811  1.27733
9821  0.454639
9831  0.272053
9841  1.70869
9851  0.401933
9861  2.71048
9871  1.09894
9881  0.798223
9891  1.26133
9901  0.25315
9911  0.177955
9921  0.858243
9931  1.91715
9941  3.02337
9951  0.25836
9961  1.356
9971  0.0465589
9981  1.89076
9991  0.452471
10001  0.00461755
10011  2.92543
10021  0.212278
10031  3.96204
10041  0.3213
10051  1.80056
10061  0.359005
10071  2.40561
10081  0.77648
10091  0.660248
10101  0.847726
10111  0.627623
10121  2.93067
10131  0.144489
10141  0.95907
10151  0.0848249
10161  0.212879
10171  0.637231
10181  0.888089
10191  0.359029
10201  1.34798
10211  2.48853
10221  0.794059
10231  0.132678
10241  0.160839
10251  0.883506
10261  0.490206
10271  0.580106
10281  0.447043
10291  0.645437
10301  1.34808
10311  0.389231
10321  1.63849
10331  1.86285
10341  0.478812
10351  0.575361
10361  0.078362
10371  0.243753
10381  1.98717
10391  0.7514
10401  0.509757
10411  0.763088
10421  0.349091
10431  1.86796
10441  1.39764
10451  1.31714
10461  2.10126
10471  0.697842
10481  0.863556
10491  0.839474
10501  1.16482
10511  1.43411
10521  0.42966
10531  0.0472303
10541  0.410308
10551  0.360634
10561  0.0777413
10571  0.338191
10581  1.04414
10591  0.208569
10601  0.0426335
10611  0.612342
10621  0.63486
10631  0.268432
10641  1.55041
10651  0.40322
10661  0.558492
10671  1.20781
10681  0.113774
10691  0.77597
10701  0.160709
10711  0.373618
10721  1.2256
10731  1.22039
10741  0.135954
10751  0.088801
10761  1.37513
10771  0.863777
10781  0.835145
10791  0.462095
10801  0.768542
10811  1.85623
10821  0.140412
10831  0.322772
10841  1.08053
10851  0.159833
10861  0.152249
10871  1.06602
10881  0.0882977
10891  0.167555
10901  0.438202
10911  1.06823
10921  0.0583596
10931  0.235436
10941  0.956145
10951  1.30084
10961  0.657445
10971  0.0966658
10981  1.47664
10991  0.0498164
