1001  1.44358
1011  0.0506534
1021  0.284682
1031  0.0872125
1041  0.103692
1051  0.859045
1061  0.864658
1071  3.39844
1081  0.533973
1091  0.0671276
1101  0.996739
1111  0.650861
1121  0.0573976
1131  0.321089
1141  2.66631
1151  0.288843
1161  0.59771
1171  0.105479
1181  1.93223
1191  0.0327836
1201  2.96492
1211  1.0927
1221  1.14263
1231  0.0543635
1241  0.0933188
1251  0.759278
1261  0.637735
1271  0.486857
1281  0.933598
1291  0.377352
1301  0.70713
1311  1.22055
1321  0.185367
1331  0.395473
1341  0.192776
1351  0.539106
1361  0.268486
1371  0.413935
1381  0.301946
1391  0.765774
1401  3.07066
1411  0.0501626
1421  0.939287
1431  1.81359
1441  0.214774
1451  1.0818
1461  0.915425
1471  0.381476
1481  0.0525567
1491  1.28783
1501  0.139144
1511  1.42905
1521  0.590004
1531  0.632985
1541  0.633974
1551  0.354493
1561  0.323709
1571  1.26134
1581  0.0625431
1591  0.232541
1601  0.636892
1611  0.125274
1621  1.2671
1631  0.242358
1641  1.50976
1651  1.51948
1661  0.592164
1671  0.276312
1681  0.20336
1691  0.672097
1701  0.503132
1711  1.86939
1721  0.00825517
1731  0.172762
1741  0.974102
1751  0.814024
1761  0.826163
1771  0.556274
1781  0.872956
1791  2.61252
1801  0.975242
1811  0.23311
1821  0.604012
1831  0.0401576
1841  0.301327
1851  0.268467
1861  0.269755
1871  1.93597
1881  1.17616
1891  0.25109
1901  1.14064
1911  0.968533
1921  0.665309
1931  0.1403
1941  0.407323
1951  0.832596
1961  0.0413762
1971  0.0963608
1981  1.1896
1991  0.42374
2001  0.0135353
2011  1.13383
2021  0.48859
2031  0.443932
2041  1.59414
2051  0.2452
2061  0.679749
2071  0.266869
2081  0.000475599
2091  0.23053
2101  0.105609
2111  2.04963
2121  5.15127e-05
2131  0.0133047
2141  0.02891
2151  0.24377
2161  1.35286
2171  0.18217
2181  0.689752
2191  0.275341
2201  0.443542
2211  0.706629
2221  0.2577
2231  3.0432
2241  2.96245
2251  0.199327
2261  0.00341556
2271  1.75895
2281  0.622549
2291  0.189472
2301  0.0427206
2311  2.43499
2321  0.473757
2331  0.727476
2341  0.122743
2351  0.183989
2361  0.0709553
2371  0.155175
2381  0.224072
2391  1.54819
2401  2.37155
2411  0.157868
2421  0.377257
2431  0.590874
2441  0.253049
2451  0.213879
2461  0.457173
2471  1.21593
2481  0.785028
2491  1.47411
2501  0.699629
2511  0.754955
2521  1.78902
2531  1.28657
2541  0.361442
2551  0.0515542
2561  0.0751658
2571  0.789486
2581  1.65626
2591  1.29714
2601  0.458494
2611  0.0354169
2621  0.404783
2631  0.0810616
2641  0.0881032
2651  1.00715
2661  0.632474
2671  0.435809
2681  0.506195
2691  1.08441
2701  1.01393
2711  1.34172
2721  0.331545
2731  0.60563
2741  1.01012
2751  1.3257
2761  1.93522
2771  0.590503
2781  0.601993
2791  1.55292
2801  2.08037
2811  1.0886
2821  1.01644
2831  2.01597
2841  1.04548
2851  0.787944
2861  1.48529
2871  0.0879292
2881  0.988361
2891  0.239959
2901  0.44636
2911  1.43866
2921  0.557233
2931  1.07822
2941  0.98955
2951  0.412619
2961  0.569741
2971  0.691248
2981  0.187712
2991  1.19906
3001  0.059536
3011  0.174574
3021  0.1761
3031  1.1644
3041  0.0706747
3051  0.267269
3061  0.283994
3071  0.640201
3081  0.186774
3091  0.238006
3101  0.945153
3111  0.492891
3121  1.72326
3131  0.335568
3141  1.09966
3151  1.29503
3161  1.04049
3171  0.579426
3181  0.0432322
3191  0.416614
3201  0.834377
3211  1.20267
3221  0.00557067
3231  0.349711
3241  0.598743
3251  0.159981
3261  0.352883
3271  0.472782
3281  0.430555
3291  0.988635
3301  2.41152
3311  0.0300838
3321  0.969317
3331  1.07682
3341  1.35696
3351  1.69312
3361  0.251058
3371  0.0119962
3381  0.111592
3391  0.894641
3401  1.10857
3411  1.12521
3421  1.53496
3431  0.429062
3441  0.938438
3451  0.267714
3461  0.412825
3471  0.416561
3481  0.414592
3491  0.505703
3501  1.77564
3511  0.914482
3521  0.581041
3531  0.861915
3541  0.372433
3551  0.337667
3561  0.540872
3571  1.15537
3581  1.46326
3591  1.53972
3601  0.679506
3611  3.1055
3621  0.0877094
3631  0.483601
3641  0.130381
3651  0.70949
3661  0.632759
3671  0.108837
3681  0.135554
3691  0.027003
3701  0.158729
3711  0.0654606
3721  0.942663
3731  0.938504
3741  0.113473
3751  0.421347
3761  0.624322
3771  0.888371
3781  0.190152
3791  0.00117284
3801  0.306152
3811  0.278635
3821  0.175345
3831  1.99509
3841  0.160314
3851  2.39348
3861  0.481824
3871  0.627176
3881  1.69473
3891  2.49753
3901  0.54596
3911  0.151001
3921  0.127579
3931  0.0690579
3941  0.792058
3951  2.93395
3961  0.105938
3971  0.898483
3981  0.504493
3991  1.25956
4001  0.0611901
4011  0.946796
4021  2.71592
4031  0.4478
4041  0.612043
4051  0.397975
4061  0.353486
4071  0.0261231
4081  0.171446
4091  0.0787054
4101  0.344005
4111  0.189925
4121  0.18418
4131  0.587368
4141  0.474017
4151  1.64926
4161  0.144675
4171  2.82309
4181  0.286078
4191  0.929554
4201  1.18189
4211  1.92774
4221  1.84426
4231  0.286793
4241  2.14759
4251  1.07814
4261  0.590606
4271  0.896054
4281  1.9027
4291  0.380033
4301  0.0952576
4311  1.08611
4321  1.20241
4331  0.247634
4341  0.435635
4351  1.40791
4361  0.577906
4371  2.03156
4381  0.795043
4391  0.865579
4401  0.0462081
4411  0.616338
4421  0.471072
4431  0.536006
4441  0.877053
4451  0.0654003
4461  1.44626
4471  0.0851705
4481  1.28262
4491  0.146004
4501  0.331273
4511  0.333374
4521  0.0103294
4531  0.526766
4541  2.42411
4551  1.95211
4561  1.11359
4571  0.46956
4581  0.418381
4591  0.505634
4601  0.752063
4611  0.0374452
4621  0.942221
4631  1.6162
4641  0.108287
4651  1.93135
4661  0.891583
4671  0.177266
4681  0.612941
4691  0.0561184
4701  0.893877
4711  0.303397
4721  0.551108
4731  0.117906
4741  1.86078
4751  3.12634
4761  0.755945
4771  0.911264
4781  0.636306
4791  0.618598
4801  2.17638
4811  0.0405544
4821  0.873591
4831  0.679083
4841  0.265504
4851  0.0100976
4861  1.08337
4871  0.989732
4881  0.434423
4891  0.0678885
4901  0.193344
4911  0.0452141
4921  0.51347
4931  0.100666
4941  0.0176541
4951  2.47191
4961  0.677511
4971  0.41593
4981  0.983695
4991  0.733858
5001  0.200304
5011  2.70173
5021  0.460335
5031  0.63855
5041  2.67145
5051  0.0625841
5061  0.81093
5071  0.874454
5081  1.38455
5091  0.298588
5101  1.17896
5111  0.447705
5121  1.37304
5131  0.112602
5141  0.610247
5151  1.03459
5161  0.208795
5171  0.00299941
5181  0.234495
5191  0.723016
5201  0.604043
5211  0.0825059
5221  0.628287
5231  0.216419
5241  0.106318
5251  0.0602663
5261  0.00683884
5271  0.48786
5281  1.23435
5291  0.851117
5301  1.15096
5311  0.00806993
5321  0.844931
5331  0.259926
5341  0.00936312
5351  0.210637
5361  0.199082
5371  0.0156002
5381  0.601025
5391  0.436631
5401  1.53786
5411  0.617815
5421  1.39352
5431  1.2217
5441  0.417879
5451  0.091063
5461  0.120935
5471  0.161994
5481  0.271226
5491  0.0986395
5501  0.391777
5511  0.354915
5521  0.0920913
5531  0.260435
5541  0.840512
5551  0.0866415
5561  0.0361652
5571  0.232184
5581  0.198676
5591  0.260312
5601  2.49315
5611  0.928384
5621  0.190659
5631  0.0147095
5641  0.342218
5651  0.0885683
5661  1.9789
5671  1.14455
5681  2.0741
5691  0.519055
5701  0.304027
5711  0.495437
5721  2.27018
5731  0.945078
5741  0.125504
5751  0.319105
5761  0.138381
5771  1.35733
5781  0.293164
5791  0.410954
5801  3.56216
5811  0.484019
5821  0.182805
5831  0.553663
5841  0.731322
5851  1.7409
5861  0.262865
5871  0.28966
5881  0.282311
5891  0.305677
5901  2.23415
5911  0.797438
5921  1.25018
5931  0.564695
5941  0.597969
5951  0.459445
5961  1.97168
5971  0.976584
5981  0.651374
5991  0.358496
6001  0.00887269
6011  0.748413
6021  2.34571
6031  0.138706
6041  0.282299
6051  1.34812
6061  0.469185
6071  2.24512
6081  1.27334
6091  0.0989693
6101  0.0570901
6111  0.395685
6121  2.19896
6131  0.854558
6141  0.0806838
6151  0.114019
6161  1.56563
6171  1.46852
6181  1.02924
6191  0.345808
6201  0.733861
6211  1.6014
6221  0.269591
6231  0.370911
6241  0.50662
6251  0.827908
6261  0.328958
6271  0.438727
6281  0.594275
6291  0.175918
6301  0.674252
6311  0.227671
6321  0.297319
6331  0.0910311
6341  0.4232
6351  0.15762
6361  0.0694373
6371  1.09336
6381  1.13517
6391  0.00423895
6401  0.509106
6411  0.533918
6421  0.360395
6431  0.270465
6441  0.238331
6451  0.12852
6461  0.292137
6471  0.606298
6481  0.340078
6491  0.0910984
6501  0.686017
6511  0.412612
6521  1.95029
6531  0.450504
6541  0.0842135
6551  0.5
6561  1.66768
6571  0.301593
6581  0.628918
6591  0.750594
6601  0.0697746
6611  0.565743
6621  0.490987
6631  0.535005
6641  0.678148
6651  0.357838
6661  0.446736
6671  0.30555
6681  1.41048
6691  0.582237
6701  0.185437
6711  0.638463
6721  0.30218
6731  1.20395
6741  0.536534
6751  0.451324
6761  2.17274
6771  0.991233
6781  0.42018
6791  0.119253
6801  0.764458
6811  0.554163
6821  0.300769
6831  0.265289
6841  3.63311
6851  0.135694
6861  1.81581
6871  0.867556
6881  2.46546
6891  0.438511
6901  0.55864
6911  0.67014
6921  0.696434
6931  0.997439
6941  0.192211
6951  0.414364
6961  0.105047
6971  0.0878477
6981  0.743093
6991  0.538365
7001  0.804071
7011  0.373736
7021  0.530157
7031  0.330493
7041  3.41511
7051  1.58681
7061  0.801158
7071  0.748548
7081  0.0698442
7091  0.319979
7101  0.948281
7111  0.0975846
7121  0.481875
7131  1.07172
7141  0.852295
7151  0.297628
7161  0.095183
7171  0.0726015
7181  0.0524639
7191  1.26882
7201  0.651899
7211  0.462794
7221  0.539102
7231  0.489952
7241  0.504699
7251  0.768496
7261  0.145059
7271  1.46029
7281  0.0601436
7291  0.653748
7301  1.5435
7311  0.75733
7321  0.332881
7331  1.00431
7341  0.0403146
7351  1.53567
7361  2.24789
7371  1.29281
7381  0.312622
7391  0.732687
7401  1.76868
7411  0.438831
7421  0.994291
7431  0.650566
7441  0.271031
7451  1.02412
7461  0.695992
7471  0.853501
7481  0.0828741
7491  0.091928
7501  0.669987
7511  1.35137
7521  0.498486
7531  1.77647
7541  1.27047
7551  0.036591
7561  0.645267
7571  2.26256
7581  0.326742
7591  1.46368
7601  0.435055
7611  0.566321
7621  0.514216
7631  0.0829225
7641  0.0201812
7651  0.18727
7661  0.0711319
7671  0.533001
7681  0.244677
7691  0.425546
7701  2.15565
7711  1.09335
7721  0.215096
7731  0.603682
7741  0.598686
7751  1.08692
7761  0.868218
7771  0.267209
7781  0.791116
7791  0.306079
7801  1.59484
7811  1.71607
7821  0.309965
7831  0.40251
7841  1.53945
7851  0.468101
7861  0.0409333
7871  3.28364
7881  1.79523
7891  0.628723
7901  1.60401
7911  0.11143
7921  0.043265
7931  0.157268
7941  0.831013
7951  0.878485
7961  0.0074753
7971  1.36837
7981  2.84119
7991  0.555683
8001  1.16848
8011  0.783208
8021  0.630731
8031  0.431144
8041  0.428136
8051  0.185241
8061  1.38663
8071  0.000857574
8081  2.06529
8091  1.26851
8101  1.15689
8111  1.19373
8121  0.0487729
8131  0.064491
8141  1.98783
8151  0.00416528
8161  1.09574
8171  0.815814
8181  0.379795
8191  0.384523
8201  1.15082
8211  0.189887
8221  0.696018
8231  0.0350207
8241  0.523181
8251  0.771724
8261  3.35737
8271  1.47542
8281  0.987491
8291  1.21455
8301  1.1342
8311  1.60759
8321  0.122082
8331  0.63248
8341  0.306684
8351  0.126892
8361  0.0194855
8371  1.00253
8381  0.340851
8391  0.185818
8401  1.97515
8411  2.42812
8421  0.119913
8431  2.0301
8441  0.0378029
8451  0.191196
8461  0.664894
8471  2.38858
8481  0.776322
8491  0.84099
8501  0.705601
8511  0.427516
8521  0.136357
8531  0.672712
8541  1.15651
8551  0.301525
8561  0.366496
8571  0.0162082
8581  0.560771
8591  0.413031
8601  1.82174
8611  0.0184694
8621  0.816466
8631  0.69277
8641  2.0935
8651  0.620406
8661  0.516007
8671  1.67964
8681  0.0327653
8691  0.470809
8701  0.0112987
8711  0.0887327
8721  0.532505
8731  1.18574
8741  0.953051
8751  0.31876
8761  1.82865
8771  0.989946
8781  0.0165069
8791  0.319406
8801  1.16062
8811  0.755781
8821  0.456815
8831  0.581498
8841  0.320128
8851  1.40069
8861  0.713675
8871  0.764223
8881  0.611824
8891  0.218012
8901  0.605559
8911  2.22244
8921  0.0340551
8931  0.0308323
8941  2.39208
8951  0.657665
8961  4.09341
8971  0.901572
8981  0.204071
8991  1.22937
9001  0.327136
9011  1.72838
9021  0.244004
9031  0.975145
9041  0.0328073
9051  0.266079
9061  0.217953
9071  2.59448
9081  1.70682
9091  1.11156
9101  0.828002
9111  0.73951
9121  1.74975
9131  0.41764
9141  0.363553
9151  0.00528814
9161  0.261795
9171  2.323
9181  0.0553926
9191  0.312792
9201  2.21659
9211  0.751869
9221  0.199016
9231  0.561278
9241  0.816396
9251  1.82077
9261  0.644235
9271  0.091889
9281  0.0452708
9291  1.69287
9301  1.68804
9311  0.853441
9321  0.88108
9331  0.679176
9341  0.326443
9351  1.42318
9361  0.387978
9371  0.0312022
9381  0.4822
9391  1.58797
9401  0.399242
9411  0.571856
9421  2.06616
9431  0.360297
9441  2.3062
9451  1.43753
9461  0.0706556
9471  0.185531
9481  0.427978
9491  0.577279
9501  0.729255
9511  0.125652
9521  0.484563
9531  0.0739781
9541  0.210798
9551  0.324889
9561  1.03057
9571  0.157498
9581  0.303866
9591  1.21063
9601  0.368689
9611  2.08077
9621  0.39428
9631  1.11435
9641  0.946477
9651  0.16613
9661  0.0196575
9671  0.623661
9681  0.195256
9691  0.49201
9701  2.48212
9711  0.268472
9721  0.447243
9731  0.0613879
9741  0.212952
9751  0.785725
9761  0.0241223
9771  0.587541
9781  1.42129
9791  0.545331
9801  0.0730571
9811  0.216042
9821  0.595733
9831  0.222325
9841  0.0374502
9851  0.101755
9861  1.373
9871  0.497104
9881  1.67336
9891  0.0181204
9901  1.06223
9911  0.398797
9921  0.389243
9931  2.02264
9941  1.03734
9951  0.0419353
9961  0.137441
9971  0.898153
9981  0.124849
9991  0.163609
10001  0.453159
10011  1.57728
10021  0.0805143
10031  1.17739
10041  0.438019
10051  1.01525
10061  2.64626
10071  0.226408
10081  2.01449
10091  0.304706
10101  0.103332
10111  0.0661246
10121  0.406414
10131  0.145539
10141  1.17137
10151  0.0443651
10161  2.41528
10171  0.303835
10181  0.0453525
10191  0.93045
10201  0.34319
10211  0.950052
10221  0.379114
10231  0.159973
10241  0.0951484
10251  1.52322
10261  1.03875
10271  0.799602
10281  0.0329297
10291  0.463191
10301  0.0098172
10311  0.257158
10321  0.24867
10331  0.328622
10341  0.0718585
10351  0.873136
10361  0.933113
10371  1.61049
10381  0.599657
10391  0.137892
10401  0.178252
10411  0.849571
10421  1.807
10431  0.550695
10441  1.69695
10451  1.65024
10461  0.868818
10471  0.204475
10481  0.463306
10491  0.922015
10501  0.260356
10511  0.544125
10521  0.252759
10531  1.76274
10541  0.886626
10551  0.410241
10561  0.79856
10571  0.911946
10581  1.13572
10591  1.13521
10601  0.215453
10611  0.0337666
10621  0.388229
10631  0.682011
10641  1.50898
10651  0.264278
10661  0.210269
10671  0.305181
10681  0.878754
10691  2.00252
10701  0.444908
10711  0.474365
10721  0.460264
10731  0.0702346
10741  0.10519
10751  0.249691
10761  0.0327356
10771  1.1342
10781  0.517204
10791  0.193585
10801  0.0779276
10811  0.988533
10821  0.276383
10831  0.517162
10841  0.360851
10851  0.49733
10861  0.257681
10871  0.861337
10881  1.17847
10891  0.394208
10901  0.0489101
10911  0.573929
10921  0.0303324
10931  1.46935
10941  0.461569
10951  0.520705
10961  0.193683
10971  2.49765
10981  0.11154
10991  0.685109
