1001  0.606256
1011  0.21834
1021  0.554692
1031  1.40989
1041  1.23129
1051  0.702358
1061  0.320275
1071  0.759293
1081  0.00831218
1091  0.367522
1101  0.164025
1111  0.625713
1121  1.96911
1131  0.57196
1141  0.829491
1151  0.786115
1161  0.556114
1171  0.240668
1181  0.0702267
1191  0.11558
1201  1.62715
1211  0.518118
1221  0.201213
1231  0.0136559
1241  0.630754
1251  0.889428
1261  0.189761
1271  0.934628
1281  1.46434
1291  0.316288
1301  0.457186
1311  1.42218
1321  1.15135
1331  2.17806
1341  0.480183
1351  2.38204
1361  0.131701
1371  0.00951604
1381  0.382459
1391  0.303505
1401  0.188215
1411  0.526427
1421  0.049115
1431  0.0745008
1441  0.732281
1451  0.373189
1461  1.84526
1471  1.42869
1481  2.58519
1491  0.711177
1501  0.668986
1511  0.389294
1521  0.885027
1531  1.33255
1541  0.283053
1551  0.112248
1561  0.683749
1571  1.48703
1581  0.70356
1591  0.34154
1601  0.44658
1611  0.240105
1621  0.067555
1631  0.649318
1641  0.944426
1651  2.79603
1661  2.49925
1671  1.49328
1681  0.0307313
1691  1.23474
1701  0.00487942
1711  0.249424
1721  0.180876
1731  0.749872
1741  0.165164
1751  0.312429
1761  1.12638
1771  0.736871
1781  1.3356
1791  0.434715
1801  0.59198
1811  0.593831
1821  0.455469
1831  1.46019
1841  1.15311
1851  0.0331442
1861  0.560813
1871  0.144039
1881  0.658982
1891  1.26744
1901  1.38906
1911  0.221331
1921  2.76474
1931  0.64536
1941  0.0915747
1951  1.60856
1961  0.214661
1971  0.0560282
1981  0.895917
1991  0.550727
2001  0.977499
2011  0.778729
2021  1.52546
2031  0.207909
2041  0.416905
2051  0.100468
2061  0.107452
2071  1.54236
2081  0.512116
2091  1.7528
2101  0.586369
2111  1.25999
2121  1.44039
2131  1.82127
2141  0.440386
2151  0.711975
2161  1.68595
2171  0.013146
2181  0.687657
2191  1.85126
2201  0.376135
2211  1.45553
2221  1.73297
2231  0.760585
2241  0.61507
2251  0.373674
2261  2.47872
2271  0.0675416
2281  0.369561
2291  0.10531
2301  1.12536
2311  1.87849
2321  0.0419132
2331  0.94714
2341  0.288231
2351  0.73254
2361  2.2771
2371  0.05936
2381  0.192824
2391  0.135834
2401  0.355973
2411  0.712925
2421  0.951205
2431  0.534507
2441  0.374943
2451  0.461149
2461  0.600744
2471  0.0854299
2481  1.23538
2491  0.702727
2501  0.0877692
2511  1.66623
2521  0.135549
2531  0.792968
2541  0.552296
2551  0.105178
2561  1.20535
2571  0.0322455
2581  0.369399
2591  0.710298
2601  0.0358525
2611  0.205596
2621  0.681238
2631  0.146531
2641  0.346859
2651  0.438488
2661  1.17278
2671  0.116895
2681  0.1912
2691  0.593116
2701  1.64321
2711  0.450279
2721  0.316581
2731  1.23664
2741  2.30322
2751  0.22271
2761  1.28736
2771  1.21339
2781  1.74266
2791  0.601141
2801  0.124609
2811  0.148849
2821  0.226477
2831  0.272945
2841  0.0889792
2851  0.555692
2861  0.100361
2871  0.321684
2881  0.297535
2891  0.412798
2901  0.285453
2911  0.428542
2921  0.974812
2931  0.324738
2941  0.758956
2951  0.174869
2961  0.0162787
2971  1.59251
2981  2.13789
2991  0.719907
3001  0.628756
3011  0.00183765
3021  0.933949
3031  1.52589
3041  0.759959
3051  0.117476
3061  0.704638
3071  0.633431
3081  0.116663
3091  0.571912
3101  0.663778
3111  0.643366
3121  0.0454324
3131  1.64468
3141  1.36272
3151  0.553186
3161  2.22794
3171  0.478646
3181  0.945672
3191  0.518333
3201  0.316274
3211  0.0653798
3221  0.449084
3231  0.303608
3241  0.249325
3251  2.23207
3261  0.141651
3271  0.87236
3281  1.30393
3291  0.217029
3301  1.98583
3311  0.57754
3321  0.356391
3331  1.02985
3341  0.0985708
3351  1.15419
3361  0.849164
3371  0.82419
3381  1.17839
3391  0.620555
3401  0.0629522
3411  0.0578501
3421  1.27119
3431  0.382108
3441  0.0734301
3451  1.49746
3461  0.533804
3471  2.32974
3481  0.0631169
3491  1.07916
3501  0.441101
3511  0.170344
3521  0.0112156
3531  0.359843
3541  0.208099
3551  0.15142
3561  0.0653839
3571  0.996655
3581  0.842452
3591  0.337074
3601  0.0553777
3611  1.39579
3621  2.30342
3631  0.733677
3641  0.300743
3651  0.357363
3661  1.21634
3671  1.07101
3681  0.860175
3691  0.805231
3701  0.464442
3711  1.86658
3721  0.715088
3731  0.614452
3741  0.0307803
3751  0.102289
3761  1.37587
3771  0.509322
3781  3.05887
3791  0.546685
3801  0.64671
3811  0.504516
3821  0.000185167
3831  1.27028
3841  0.0215334
3851  0.14919
3861  2.0748
3871  1.78376
3881  0.272701
3891  1.56441
3901  0.459425
3911  0.659324
3921  0.564708
3931  0.244078
3941  0.459521
3951  1.30363
3961  0.771847
3971  0.632969
3981  0.819805
3991  0.56801
4001  0.0499065
4011  1.57012
4021  0.686893
4031  0.899042
4041  3.11418
4051  0.322289
4061  0.62481
4071  1.09746
4081  0.936836
4091  0.0321047
4101  0.10649
4111  1.89024
4121  0.283085
4131  1.19256
4141  0.84021
4151  0.842529
4161  0.0481952
4171  0.156174
4181  0.204982
4191  0.495163
4201  0.132226
4211  0.0758188
4221  0.00020949
4231  0.293992
4241  1.31642
4251  0.383668
4261  0.219131
4271  0.964293
4281  2.5355
4291  0.0434617
4301  0.746148
4311  0.469181
4321  0.155971
4331  0.0198216
4341  0.704216
4351  0.589965
4361  0.19696
4371  0.357726
4381  0.437275
4391  1.35718
4401  0.434181
4411  0.770987
4421  0.610082
4431  0.51698
4441  0.537345
4451  1.50002
4461  0.338401
4471  0.109292
4481  0.0634254
4491  0.0559628
4501  0.496129
4511  0.374366
4521  0.551056
4531  1.65689
4541  0.788302
4551  0.321699
4561  1.14228
4571  1.99055
4581  0.737059
4591  2.26755
4601  0.291558
4611  0.533088
4621  0.266068
4631  0.332979
4641  0.482171
4651  0.162114
4661  0.512492
4671  0.147908
4681  0.225661
4691  0.163007
4701  0.374788
4711  0.385615
4721  2.43192
4731  0.130065
4741  0.153511
4751  1.13179
4761  3.45768
4771  0.806323
4781  1.13745
4791  0.51381
4801  0.518062
4811  1.1741
4821  0.0231988
4831  0.0776498
4841  1.47176
4851  0.698062
4861  0.762602
4871  1.02969
4881  0.965259
4891  0.302622
4901  0.408562
4911  0.686537
4921  1.99404
4931  0.48638
4941  1.0644
4951  0.361052
4961  0.537693
4971  0.638896
4981  0.239041
4991  0.24278
5001  0.00759941
5011  0.42348
5021  2.02782
5031  1.56115
5041  0.502909
5051  0.418572
5061  0.0829706
5071  1.25651
5081  0.771761
5091  1.19827
5101  1.07652
5111  0.620304
5121  1.5265
5131  1.51282
5141  0.308239
5151  0.111212
5161  0.154448
5171  0.129606
5181  0.361303
5191  0.9754
5201  0.00822919
5211  0.287808
5221  0.400734
5231  1.22309
5241  0.326151
5251  0.708672
5261  0.21547
5271  1.42541
5281  0.466507
5291  0.106625
5301  1.25954
5311  0.298528
5321  0.0817604
5331  3.34105
5341  1.00422
5351  0.598784
5361  0.160045
5371  2.58416
5381  0.153949
5391  0.0395996
5401  0.211262
5411  1.17675
5421  1.25515
5431  2.2822
5441  0.445231
5451  1.08422
5461  1.00506
5471  0.127097
5481  0.202329
5491  2.65677
5501  0.0523146
5511  0.272155
5521  0.384086
5531  0.124286
5541  2.32945
5551  0.79976
5561  0.997609
5571  1.13342
5581  0.548116
5591  0.455322
5601  0.0607231
5611  0.222451
5621  0.0845496
5631  1.0049
5641  0.72277
5651  0.505301
5661  0.0380626
5671  1.16387
5681  0.251795
5691  0.524981
5701  0.312889
5711  0.00424844
5721  0.271825
5731  1.39185
5741  0.0985009
5751  0.529244
5761  0.0987225
5771  0.805785
5781  0.337148
5791  0.69927
5801  0.421721
5811  0.587913
5821  1.57471
5831  0.948835
5841  0.055139
5851  0.332721
5861  0.28452
5871  0.807394
5881  0.642408
5891  0.489745
5901  0.130904
5911  0.578689
5921  0.367049
5931  0.0825217
5941  1.3685
5951  0.340777
5961  0.477706
5971  2.41717
5981  0.357661
5991  0.574297
6001  0.194748
6011  0.106635
6021  0.322369
6031  0.074178
6041  0.176676
6051  0.352418
6061  1.68116
6071  0.127697
6081  0.142842
6091  2.24222
6101  0.685888
6111  2.52844
6121  0.0957794
6131  0.0793531
6141  0.187996
6151  0.520986
6161  0.517677
6171  1.48729
6181  1.22305
6191  0.128495
6201  0.660625
6211  0.499441
6221  0.876996
6231  0.313782
6241  0.681775
6251  0.382776
6261  0.537153
6271  1.01004
6281  0.509893
6291  2.40003
6301  1.63133
6311  1.00437
6321  1.4737
6331  0.275839
6341  1.28745
6351  3.71927
6361  0.102172
6371  1.23659
6381  0.343962
6391  1.9185
6401  1.02612
6411  1.77056
6421  0.271978
6431  0.848609
6441  0.658683
6451  3.67958
6461  0.419575
6471  0.517216
6481  0.426194
6491  0.22496
6501  0.572791
6511  0.577231
6521  0.466402
6531  2.08068
6541  1.13108
6551  0.837303
6561  1.46457
6571  0.586532
6581  1.13579
6591  0.408064
6601  0.0565641
6611  1.76885
6621  1.45195
6631  0.530601
6641  0.437001
6651  1.34049
6661  0.215459
6671  0.351499
6681  1.7
6691  0.80782
6701  0.369921
6711  0.261464
6721  0.531538
6731  0.602882
6741  0.564433
6751  0.95372
6761  0.165125
6771  0.0746597
6781  0.154157
6791  0.494077
6801  0.799466
6811  0.0608067
6821  0.4403
6831  0.156372
6841  0.584186
6851  1.78783
6861  0.313797
6871  0.257723
6881  0.0795926
6891  2.3039
6901  0.431741
6911  0.466865
6921  0.783997
6931  1.84851
6941  0.0177407
6951  0.14007
6961  0.0292173
6971  0.567833
6981  0.600522
6991  1.36751
7001  0.551019
7011  0.323023
7021  2.26453
7031  0.221285
7041  1.10668
7051  0.110586
7061  0.0974988
7071  2.71165
7081  0.167334
7091  0.315106
7101  0.304614
7111  1.00803
7121  0.68231
7131  2.09423
7141  0.316045
7151  0.6464
7161  1.49171
7171  0.691632
7181  1.31125
7191  0.781525
7201  0.272076
7211  0.750775
7221  0.911545
7231  0.818148
7241  1.74679
7251  0.803417
7261  2.06626
7271  0.29165
7281  0.0216854
7291  0.891995
7301  0.646371
7311  0.085594
7321  0.344094
7331  0.111179
7341  0.175189
7351  0.487896
7361  2.64298
7371  0.0321418
7381  1.083
7391  0.158484
7401  0.340699
7411  0.556872
7421  2.19805
7431  0.110813
7441  1.4714
7451  0.0292695
7461  0.212132
7471  2.7685
7481  1.05326
7491  0.0318179
7501  0.222144
7511  0.284995
7521  0.464532
7531  0.946465
7541  0.102057
7551  0.36727
7561  0.147102
7571  1.22412
7581  0.123006
7591  0.156164
7601  0.845636
7611  0.773249
7621  0.467864
7631  0.502308
7641  0.0626251
7651  0.688833
7661  0.201528
7671  0.723851
7681  2.26699
7691  1.10767
7701  1.42173
7711  1.2078
7721  0.887615
7731  1.92698
7741  0.0863361
7751  0.752414
7761  0.327938
7771  0.327523
7781  0.493088
7791  0.559705
7801  0.0224915
7811  1.07551
7821  2.12587
7831  0.689024
7841  0.571785
7851  1.09389
7861  0.552729
7871  0.832781
7881  0.596258
7891  1.80007
7901  0.668259
7911  1.28795
7921  0.0136495
7931  0.298625
7941  0.469747
7951  0.502565
7961  0.296039
7971  0.527908
7981  0.0341555
7991  1.05619
8001  0.702377
8011  0.332254
8021  0.43925
8031  0.523297
8041  0.111219
8051  1.21341
8061  0.82734
8071  1.83511
8081  0.189759
8091  0.686255
8101  0.0600149
8111  0.329658
8121  1.30579
8131  2.29973
8141  0.166492
8151  0.172527
8161  1.02325
8171  0.654964
8181  1.6122
8191  0.565451
8201  0.293798
8211  1.85133
8221  2.37517
8231  0.424277
8241  0.392764
8251  0.678761
8261  2.10853
8271  0.560012
8281  0.926163
8291  0.280594
8301  0.182615
8311  0.21229
8321  0.597391
8331  1.18904
8341  0.0477334
8351  0.0559107
8361  0.00203413
8371  0.901863
8381  0.800013
8391  0.526759
8401  1.78377
8411  0.677148
8421  0.428222
8431  0.172504
8441  0.370212
8451  1.01137
8461  1.07343
8471  0.569287
8481  0.0847166
8491  1.64136
8501  0.107014
8511  0.203975
8521  0.0446634
8531  0.0386314
8541  0.14648
8551  0.0464129
8561  0.647819
8571  1.01719
8581  0.525506
8591  0.109885
8601  0.118913
8611  0.362932
8621  1.16525
8631  0.322523
8641  0.0649708
8651  4.91319
8661  1.60959
8671  0.215061
8681  0.912694
8691  0.151293
8701  1.29155
8711  2.30495
8721  0.346697
8731  0.16987
8741  1.08624
8751  0.62583
8761  1.35904
8771  0.18224
8781  0.0122852
8791  0.948081
8801  0.262231
8811  0.536313
8821  1.26066
8831  0.530973
8841  0.117445
8851  0.604022
8861  0.731695
8871  0.429875
8881  0.391083
8891  0.310768
8901  0.578054
8911  0.73333
8921  1.60681
8931  1.93307
8941  0.861681
8951  0.078717
8961  0.0664598
8971  0.397443
8981  1.9217
8991  0.0782977
9001  1.32238
9011  1.12895
9021  1.03565
9031  0.961889
9041  0.0633798
9051  0.100861
9061  0.228935
9071  0.822632
9081  0.694374
9091  1.05622
9101  0.00307087
9111  0.0902053
9121  0.265608
9131  1.27964
9141  1.82152
9151  0.560829
9161  3.80692
9171  0.232807
9181  0.0418349
9191  2.26137
9201  0.274989
9211  0.449896
9221  1.55084
9231  0.853324
9241  0.713438
9251  0.244564
9261  0.262079
9271  1.18253
9281  3.44082
9291  0.0370105
9301  0.467179
9311  0.27794
9321  0.614108
9331  0.630032
9341  0.2207
9351  0.522431
9361  2.45722
9371  0.203007
9381  0.078169
9391  0.517941
9401  1.02033
9411  1.14124
9421  0.513056
9431  0.489274
9441  1.22663
9451  0.433299
9461  0.776916
9471  0.740113
9481  0.0575332
9491  1.65846
9501  0.238911
9511  0.0455174
9521  0.459282
9531  0.0178427
9541  0.646785
9551  1.62155
9561  1.04009
9571  2.07782
9581  0.360422
9591  0.00694861
9601  0.424366
9611  1.17205
9621  0.828133
9631  0.14045
9641  0.463842
9651  0.439632
9661  0.509027
9671  0.931218
9681  0.709004
9691  0.0272997
9701  0.178205
9711  2.2009
9721  0.911044
9731  0.132009
9741  1.12325
9751  0.493172
9761  2.00962
9771  0.385043
9781  0.332026
9791  0.778343
9801  0.313558
9811  0.961476
9821  0.473009
9831  1.57642
9841  1.72999
9851  1.5427
9861  1.01023
9871  0.85695
9881  0.70878
9891  0.880452
9901  0.445557
9911  1.85595
9921  0.983426
9931  0.696254
9941  1.32197
9951  0.767434
9961  0.136533
9971  2.01501
9981  0.630297
9991  0.721454
10001  0.167432
10011  0.244987
10021  0.0832672
10031  1.97936
10041  0.0124667
10051  0.585062
10061  0.0029712
10071  0.472728
10081  1.28315
10091  0.227758
10101  0.168948
10111  0.128139
10121  0.0044551
10131  1.04121
10141  0.273858
10151  0.440602
10161  2.04618
10171  0.225713
10181  0.293416
10191  0.00255025
10201  1.1785
10211  0.0455591
10221  0.562879
10231  0.0362384
10241  0.709344
10251  1.56887
10261  0.00898972
10271  0.952851
10281  0.320413
10291  0.585263
10301  1.93997
10311  2.50909
10321  1.68555
10331  0.17355
10341  0.408862
10351  1.22212
10361  0.696276
10371  0.517924
10381  0.919537
10391  0.546967
10401  1.30964
10411  0.957692
10421  0.806643
10431  0.519601
10441  0.279779
10451  1.91556
10461  0.481738
10471  0.924425
10481  0.601916
10491  0.948392
10501  2.0385
10511  0.0277337
10521  0.894565
10531  1.45525
10541  0.549719
10551  0.211809
10561  1.3466
10571  0.907723
10581  0.231301
10591  0.00361469
10601  1.43424
10611  0.365584
10621  0.68799
10631  0.00679697
10641  0.973964
10651  0.671718
10661  0.855314
10671  0.82621
10681  0.638685
10691  0.658934
10701  0.719077
10711  0.140164
10721  0.251481
10731  0.46128
10741  1.71274
10751  0.187416
10761  0.627554
10771  1.02909
10781  0.253354
10791  0.425933
10801  0.329473
10811  0.0823623
10821  0.0742418
10831  1.26562
10841  0.583202
10851  0.310619
10861  0.18345
10871  1.72094
10881  0.102467
10891  1.46138
10901  0.0621401
10911  1.66757
10921  0.0548496
10931  0.359502
10941  1.17121
10951  0.376848
10961  1.56147
10971  0.142008
10981  0.678943
10991  0.247215
